109341  
577913  
894923  
596028  
371135  
465279  
426397  
704014  
496894  
185366  
525512  
159921  
846770  
928629  
953554  
646173  
849513  
147139  
985902  
708802  
498438  
670194  
473427  
192389  
157947  
544514  
261317  
508980  
649346  
192824  
684072  
84741  
84701  
984526  
355418  
828105  
417503  
812236  
971899  
963134  
178872  
767936  
348887  
71888  
368060  
512479  
407765  
689515  
966000  
432203  
333030  
295823  
40654  
176408  
618071  
47099  
912908  
669445  
218366  
91901  
351757  
191151  
530853  
814587  
267548  
619414  
418221  
850332  
872012  
428576  
996876  
215376  
773843  
537462  
407322  
396260  
978581  
600760  
285726  
741789  
261531  
837511  
155392  
1487  
882491  
990461  
456913  
354285  
111012  
510019  
435743  
771188  
530972  
556581  
605949  
55684  
593184  
914954  
8869  
405631  
384806  
414643  
985458  
840382  
84296  
949756  
681042  
336894  
70667  
692252  
1256  
18571  
155786  
592312  
237899  
240589  
908469  
759566  
83456  
915459  
539125  
818922  
253048  
922573  
313701  
834767  
432554  
945484  
965664  
897267  
771651  
580672  
74784  
964529  
640527  
61539  
881473  
54376  
869020  
441399  
505404  
379482  
186922  
579188  
37190  
519604  
84213  
771673  
471858  
224691  
809959  
375884  
952863  
942589  
728631  
265536  
295403  
665113  
752612  
465187  
257788  
186225  
69601  
805874  
529592  
366073  
883714  
945987  
905363  
494636  
388981  
601131  
612623  
348732  
694044  
326716  
262923  
36135  
916748  
697035  
394683  
220553 
167425  
224575  
76589  
821205  
639591  
863313  
540286  
780773  
526814  
439745  
311110  
995454  
984509  
855407  
805626  
869  
855399  
404612