324  
145  
35  
464  
38  
289  
304  
295  
328  
24  
88  
414  
378  
436  
212  
345  
66  
65  
175  
220  
26  
36  
337  
349  
396  
93  
240  
460  
89  
232  
309  
139  
222  
340  
405  
273  
49  
20  
481  
13  
14 
299  
265  
413  
476  
189  
278  
54  
315  
243  
401  
294  
170  
403  
74  
321  
305  
447  
108  
491  
438  
317  
284  
369  
156  
379  
341  
261  
350  
306  
392  
320  
446  
47  
419  
472  
10  
480  
218  
398  
496  
110  
72  
439  
31  
136  
96  
283  
86  
431  
158  
109  
445  
87  
131  
400  
106  
124  
364  
382  
268  
192  
313  
271  
389  
67  
42  
216  
90  
91  
482  
70  
333  
448  
347  
116  
391  
485  
386  
417  
322  
171  
500  
367  
7  
433  
69  
252  
368  
205  
204  
287  
33  
206  
381  
68  
429  
248  
416  
357  
489  
94  
408  
237  
339  
275  
55  
495  
336 
498  
242  
269  
210  
297  
19  
279 
477  
4  
102  
372  
415  
224  
113  
179  
59  
385  
251  
11  
82  
254  
154  
6  
361  
126  
1  
264  
479  
327  
122  
174  
490  
288  
137  
443  
44  
434  
467  
227  
77  
81  
30  
348  
191  
332  
394  
229  
234  
474  
203  
397